1.00
1.00
1.00
1.00
1.00
1.00
1.00
1.00
1.00
1.00
1.00
0.13
0.16
0.69
0.03
0.03
0.03
0.02
0.02
0.05
0.06
0.40
0.01
0.01
0.01
0.02
0.02
0.46
0.11
0.42
0.24
0.04
0.01
0.16
0.06
0.36
0.03
0.03
0.01
0.50
0.02
0.09
0.01
0.05
0.02
0.01
0.02
0.01
0.76
0.29
0.65
0.43
0.00
0.00
0.11
0.26
0.00
0.24
0.10
0.05
0.00
0.59
0.01
0.74
0.01
0.76
0.10
0.02
0.02
0.62
0.02
0.02
0.02
0.04
0.01
0.01
0.10
0.06
0.66
0.57
0.11
0.46
0.57
0.78
0.00
0.30
0.58
0.12
0.24
0.46
0.07
0.04
0.29
0.15
0.54
0.20
0.53
0.43
0.01
0.01
0.06
0.09
0.02
0.02
0.42
0.49
0.04
0.30
0.09
0.22
0.01
0.30
0.15
0.02
0.27
0.28
0.05
0.42
0.06
0.02
0.01
0.28
0.22
0.03
0.31
0.25
0.16
0.05
0.04
0.64
0.79
0.31
0.36
0.43
0.08
0.11
0.71
0.11
0.32
0.46
0.60
0.20
0.01
0.20
0.20
0.08
0.08
0.17
0.41
0.39
0.51
0.03
0.23
0.49
0.46
0.03
0.45
0.01
0.49
0.01
0.07
0.01
0.06
0.12
0.02
0.02
0.39
0.05
0.14
0.02
0.21
0.24
0.15
0.60
0.59
0.33
0.20
0.17
0.08
0.35
0.14
0.01
0.06
0.19
0.09
0.19
0.52
0.01
0.27
0.03
0.27
0.17
0.19
0.00
0.00
0.08
0.18
0.63
0.72
0.24
0.44
0.20
0.08
0.37
0.09
0.20
0.71
0.14
0.01
0.02
0.00
0.01
0.13
0.16
0.04
0.34
0.43
0.00
0.18
0.01
0.04
0.12
0.47
0.81
0.25
0.29
0.20
0.64
0.64
0.07
0.27
0.28
0.62
0.30
0.02
0.05
0.61
0.62
0.06
0.26
0.75
0.04
0.11
0.65
0.63
0.25
0.03
0.04
0.08
0.17
0.39
0.13
0.03
0.34
0.74
0.80
0.50
0.65
0.70
0.58
0.73
0.08
0.56
0.52
0.08
0.63
0.04
0.61
0.49
0.20
